id fam grp bmi smoke edu height cardio menarche
041002 4002 mes 1.99108e-06 -2.66104e-05 1.16696e-06 -4.60294e-05 6.54506e-05 -1.3804e-05
041004 4004 mes -6.98774e-06 -3.29431e-05 5.38963e-06 -2.2278e-05 7.04076e-05 -1.00162e-05
041005 4005 mes 8.19336e-06 -3.14446e-05 6.4122e-06 -3.46864e-05 8.1445e-06 -1.3904e-05
041006 4006 mes 1.21611e-05 -1.30289e-05 5.40733e-06 -4.9557e-05 2.62625e-05 -2.58768e-05
041007 4007 mes -2.16669e-07 -3.28515e-05 9.661e-06 -3.93495e-05 2.5304e-05 -1.07265e-05
041008 4008 mes 9.26674e-06 -3.88269e-05 4.50909e-06 -3.14844e-05 5.58328e-06 -2.00982e-05
041009 4009 mes -1.83459e-07 -4.20343e-05 3.50033e-06 -2.89207e-05 1.03898e-05 -9.1729e-06
041010 4010 mes 6.57167e-06 3.27265e-06 9.15184e-06 -3.66751e-05 2.07215e-05 -1.23752e-05
041011 4011 mes -3.31808e-06 -2.86387e-05 1.9762e-07 -3.09395e-05 3.57722e-05 -2.12212e-05
041012 4012 mes 2.98659e-06 -3.71806e-05 3.20102e-06 -4.14555e-05 2.12606e-05 -2.23273e-05
041700 4000 nat 7.55431e-06 -4.20072e-05 5.9721e-06 -4.44371e-05 3.14344e-05 -1.87465e-05
041703 4003 nat 1.12884e-05 -8.24442e-06 -3.37945e-06 -3.6347e-05 1.32627e-05 -3.15451e-05
041705 4005 nat 3.61921e-06 -1.27511e-05 -1.65064e-06 -3.8604e-05 4.17144e-05 -2.45652e-06
041709 4009 nat -5.71374e-07 -3.52735e-05 -1.37162e-06 -3.88838e-05 4.30855e-05 -1.04481e-05
041710_c 4010_c nat -9.76854e-07 -2.99558e-05 -7.23376e-07 -4.16348e-05 3.58841e-05 -2.44615e-05
041712 4012 nat 6.65457e-06 -2.56987e-05 9.81811e-07 -3.04307e-05 3.83157e-05 -5.66495e-06
041714 4014 nat 7.649e-06 -1.93658e-05 1.42011e-07 -4.53062e-05 7.30639e-05 -9.56639e-06
041716 4016 nat 6.03383e-06 -1.79842e-05 -9.13425e-07 -4.59647e-05 2.43725e-05 -2.78495e-05
041717 4017 nat 6.35321e-06 -1.67066e-05 -2.71626e-07 -3.88307e-05 5.84585e-06 -5.77151e-06
041718 4018 nat 1.00043e-05 -2.09722e-05 -2.65774e-06 -3.40919e-05 4.93446e-05 -2.44515e-05
041725 4025 nat 3.46075e-06 -2.35286e-05 -7.18204e-07 -4.12984e-05 1.12745e-05 -1.15838e-05
041726 4026 nat 4.71916e-06 -1.22727e-05 -5.89206e-06 -4.36787e-05 3.47753e-05 -1.3567e-05
041728 4028 nat 1.92236e-05 -2.1045e-05 1.58559e-06 -3.99136e-05 5.6685e-05 -2.68e-05
041731 4031 nat 2.13327e-06 -3.83046e-05 8.66442e-06 -3.69565e-05 2.51542e-05 -2.08314e-05
041732 4032 nat 8.02851e-06 -4.63407e-05 4.74208e-06 -3.86995e-05 4.52909e-05 -1.81398e-05
041733 4033 nat 9.83126e-06 -3.65933e-05 2.02333e-06 -3.75639e-05 1.38389e-05 -2.6351e-05
041734 4034 nat 9.73711e-06 -2.71023e-05 -2.82164e-06 -4.77815e-05 1.97496e-05 -1.06911e-05
041737 4037 nat 8.88431e-06 2.50871e-05 1.63027e-07 -4.39087e-05 1.61329e-05 -2.63484e-05
042001 4001 mes 9.14374e-06 -3.72582e-05 3.12131e-06 -3.87297e-05 3.36179e-05 -6.21301e-06
042002 4002 mes 8.08515e-06 -6.28722e-06 -2.90785e-06 -4.13419e-05 4.84845e-05 -2.1336e-05
042003 4003 mes 7.21459e-06 -3.01175e-05 -5.42206e-07 -4.26153e-05 5.54414e-05 -1.77209e-05
042004 4004 mes 3.50369e-06 -1.31902e-05 2.55708e-06 -3.27593e-05 3.65654e-05 -1.73005e-05
042006 4006 mes 7.45991e-06 -7.31956e-05 -5.15884e-06 -5.15278e-05 3.54337e-05 -1.493e-05
042007 4007 mes 5.39893e-07 -6.87898e-05 1.20858e-05 -2.85297e-05 5.70205e-05 -1.26289e-06
042008 4008 mes 3.22442e-06 -2.84644e-05 -1.1901e-06 -4.13361e-05 6.52467e-05 -1.8368e-05
042009 4009 mes 7.11847e-06 -1.69077e-05 1.46635e-05 -3.23337e-05 2.81839e-05 -1.65675e-05
042010 4010 mes 3.81396e-06 -6.00371e-05 4.30009e-06 -4.24686e-05 2.65434e-05 -2.0749e-05
042011 4011 mes 7.90284e-06 -9.3689e-06 -7.35713e-06 -4.59409e-05 2.4912e-05 -1.99273e-05
042700 4000 nat 3.93954e-06 -1.39875e-05 -9.19965e-06 -3.32755e-05 3.47178e-05 -1.38399e-05
042701 4001 nat 6.97446e-06 -3.86157e-05 3.12044e-06 -4.51816e-05 -2.05471e-05 -1.43585e-05
042703 4003 nat 4.64379e-06 -3.66192e-06 -3.92424e-06 -4.2918e-05 6.06508e-05 -1.21136e-05
042705 4005 nat 7.06507e-06 2.0947e-07 6.38531e-06 -4.30578e-05 -1.75728e-05 -1.39725e-05
042709 4009 nat 3.99552e-06 -3.97139e-05 -4.46627e-06 -4.05213e-05 6.44868e-06 -7.95951e-06
042710 4010 nat 1.07312e-05 -2.63571e-05 -9.15745e-07 -4.06308e-05 2.25733e-05 -2.7286e-05
042711 4011 nat 1.08712e-05 -2.03778e-05 3.51741e-06 -3.31795e-05 3.00737e-05 -3.68633e-06
042712 4012 nat 1.31096e-05 -2.18593e-05 7.15141e-07 -3.44573e-05 3.05326e-05 -1.16724e-05
042714 4014 nat 1.51494e-05 -2.39049e-05 -8.68532e-06 -5.32726e-05 3.19645e-05 -3.70148e-05
042716 4016 nat 3.98639e-06 -3.45276e-05 -3.51915e-09 -4.44417e-05 2.007e-05 -2.99907e-05
042717 4017 nat 1.18913e-06 -3.31711e-05 3.25166e-07 -4.11658e-05 -5.12817e-06 -2.4461e-05
042718 4018 nat 8.83972e-06 -4.65055e-05 -5.299e-06 -4.52546e-05 2.19852e-05 -2.97922e-05
042725 4025 nat 7.36392e-06 -2.63647e-05 -5.02931e-06 -3.4167e-05 4.88512e-05 -2.46602e-05
042726 4026 nat 1.6117e-05 -4.3671e-05 1.77438e-06 -4.14797e-05 3.44436e-05 -1.93452e-05
042728 4028 nat 1.18525e-05 -5.91945e-05 -3.06717e-06 -4.2993e-05 6.73279e-05 -2.10381e-05
042732 4032 nat 3.79333e-06 -2.78165e-05 1.87978e-07 -3.51674e-05 4.24752e-05 -1.90118e-05
042734 4034 nat 7.71577e-06 1.24458e-05 1.30559e-06 -4.40817e-05 3.48919e-05 -1.93768e-05
042737 4037 nat 1.81835e-05 -9.71817e-06 2.57118e-06 -4.26499e-05 1.02229e-05 -3.20662e-05
101001 10001 mes -4.38554e-06 -2.40524e-05 5.40993e-06 -3.37336e-05 2.41465e-05 -2.24991e-05
101002 10002 mes 1.77971e-06 -3.48807e-05 8.73089e-06 -2.36879e-05 5.4479e-05 -2.7894e-05
101003 10003 mes -6.9121e-06 -2.96647e-05 -3.5412e-06 -2.96717e-05 7.63634e-05 -2.26717e-06
101004 10004 mes -1.0591e-05 -3.37269e-05 1.27482e-05 -2.62252e-05 6.64592e-05 -1.82947e-05
101005 10005 mes -2.87513e-06 -4.67943e-05 5.96026e-06 -2.89431e-05 2.08111e-05 -2.23951e-05
101006 10006 mes 3.11268e-06 -5.47357e-05 8.52541e-07 -2.68815e-05 2.43937e-05 -2.16068e-05
101007 10007 mes -3.6608e-06 -6.17702e-05 5.79284e-06 -2.14308e-05 4.32596e-05 -8.4187e-06
101008 10008 mes -4.39386e-06 -1.52281e-05 2.32823e-06 -2.12686e-05 4.50588e-05 -1.3229e-05
101009 10009 mes -1.75821e-06 -2.53598e-05 1.10513e-06 -2.23173e-05 6.62184e-05 -1.96282e-05
101700 10000 nat 1.11935e-05 -4.53596e-05 4.79346e-06 -3.769e-05 3.916e-05 4.66443e-06
101703 10003 nat 4.85547e-06 -1.7204e-05 -1.6183e-06 -3.96119e-05 4.55637e-05 -1.59833e-05
101709 10009 nat 9.62367e-06 -4.73127e-05 2.18949e-06 -5.41593e-05 5.16954e-05 -1.0395e-05
101718 10018 nat 5.66563e-06 -7.01213e-05 9.74922e-06 -3.18482e-05 2.94727e-05 -1.31963e-05
101723 10023 nat 5.80089e-06 -6.34321e-05 3.14459e-06 -5.08808e-05 4.19133e-05 -1.07271e-05
101727 10027 nat 1.20733e-05 -4.46553e-05 -1.84971e-06 -4.37106e-05 7.76624e-05 -1.98111e-05
101728 10028 nat 5.55833e-06 -4.92209e-05 -9.02255e-07 -4.69176e-05 6.78573e-05 -2.00232e-05
101730 10030 nat 1.07492e-05 -3.98701e-05 -1.11145e-06 -4.14085e-05 4.47765e-05 -2.17942e-05
101735 10035 nat 1.46019e-05 -1.24249e-05 3.282e-06 -4.65233e-05 4.74876e-05 -9.45538e-06
101739 10039 nat 1.24169e-05 -4.85935e-05 2.57812e-06 -4.23461e-05 2.21217e-05 -2.04333e-05
101740 10040 nat 6.98415e-06 -5.83952e-05 6.04271e-06 -4.40358e-05 2.48521e-05 -1.91746e-05
101798 10098 nat 1.2413e-05 -4.42031e-05 -2.08364e-06 -4.75928e-05 7.29857e-05 -2.23179e-05
101799 10099 nat 9.25209e-06 -6.3986e-05 -2.2994e-06 -3.88932e-05 3.82652e-05 -7.20469e-06
102001 10001 mes 3.6458e-06 -3.78426e-05 -8.49051e-07 -3.16355e-05 8.42745e-05 -1.47583e-05
102002 10002 mes -6.26471e-06 -5.09435e-05 8.67636e-06 -8.46055e-06 7.28543e-05 -1.29795e-05
102003 10003 mes -3.82481e-06 -1.46394e-05 1.4789e-05 -2.72399e-05 2.66098e-05 -2.00358e-05
102004 10004 mes -2.83822e-06 -8.46271e-05 1.03636e-05 -3.24134e-05 -1.64984e-05 -1.4555e-05
102005 10005 mes 3.52387e-06 -2.1697e-05 4.4199e-06 -3.41411e-05 1.78637e-05 -1.39092e-05
102006 10006 mes 3.76736e-06 -3.50645e-05 -6.36567e-08 -2.54267e-05 3.16921e-06 -2.95201e-05
102007 10007 mes 4.37527e-06 -2.13457e-05 2.53394e-07 -1.5854e-05 6.6196e-05 -1.10964e-05
102008 10008 mes 4.08608e-06 -6.21115e-05 9.12653e-06 -2.21063e-05 1.8528e-05 -1.48526e-05
102009 10009 mes -4.57141e-06 -4.71499e-05 -2.78261e-06 -3.00338e-05 2.36958e-05 -1.55224e-05
102010 10010 mes 2.22664e-06 -3.13221e-05 5.03288e-06 -2.77603e-05 4.96661e-05 -6.73195e-06
102700 10000 nat 1.40711e-05 -4.82782e-05 1.23268e-06 -4.76701e-05 4.50569e-05 -1.87785e-05
102703 10003 nat 7.42426e-06 -6.62753e-05 2.62764e-06 -3.67348e-05 3.31985e-06 -2.6626e-05
102705 10005 nat 8.15767e-06 -4.02231e-05 -1.98882e-06 -4.62568e-05 5.16247e-05 -1.32765e-05
102709 10009 nat 3.70006e-06 -3.5702e-05 -6.2839e-06 -5.37977e-05 4.41964e-05 -2.78762e-05
102718 10018 nat 1.26608e-05 -3.70998e-05 7.64045e-07 -4.51151e-05 3.95763e-05 -6.3725e-06
102723 10023 nat 5.12417e-06 -7.26852e-05 -6.19047e-06 -4.45259e-05 2.94862e-05 -2.24432e-05
102726 10026 nat 1.43564e-05 -5.09625e-05 -3.10246e-06 -4.088e-05 3.96821e-05 -1.49417e-05
102727 10027 nat 8.23082e-06 -2.03473e-05 2.49559e-06 -4.94452e-05 7.11143e-05 -2.72346e-05
102728 10028 nat 4.32292e-06 -2.72153e-05 2.02955e-06 -4.10072e-05 4.16813e-05 -6.57184e-06
102730 10030 nat 8.18729e-06 -4.63918e-05 4.70491e-07 -4.43402e-05 4.01075e-05 -2.44961e-05
102738 10038 nat 9.69511e-06 -7.3233e-05 2.28503e-06 -3.98753e-05 7.9116e-06 -2.08686e-05
102739 10039 nat 1.39011e-05 -1.56542e-05 2.49847e-06 -4.49745e-05 6.06449e-05 -9.74142e-06
102740 10040 nat 6.0063e-06 -3.59107e-05 2.7698e-06 -2.50421e-05 2.14658e-05 -2.21607e-05
111002 11002 mes 1.80356e-06 -1.7895e-05 3.51362e-06 -2.58153e-05 8.22059e-05 -1.60218e-05
111003 11003 mes 8.72134e-06 -5.12082e-05 5.16845e-06 -3.44431e-05 4.02958e-05 -2.14475e-05
111004 11004 mes 5.87683e-06 -4.10759e-05 3.69555e-07 -2.09071e-05 5.95399e-05 -2.55205e-05
111007 11007 mes 7.00935e-07 -2.69841e-05 9.69772e-07 -3.81724e-05 1.95126e-05 -3.7359e-05
111008 11008 mes -2.29001e-06 -2.42893e-05 2.83756e-06 -3.65704e-05 4.31044e-05 -1.79335e-05
111009 11009 mes -2.05569e-06 -2.25517e-05 8.25173e-06 -3.64484e-05 2.24224e-05 -7.43042e-06
111010 11010 mes -7.61895e-06 -4.49002e-05 2.89113e-06 -3.27269e-05 1.58274e-05 -5.44497e-06
111063 11063 mes 1.25508e-05 -1.70518e-05 9.59292e-06 -3.39367e-05 3.53123e-05 -2.25944e-05
111066 11066 mes 4.47166e-06 -7.96376e-05 1.09765e-06 -2.94539e-05 5.22688e-05 -2.80399e-05
111067 11067 mes -3.08444e-06 -1.12765e-05 1.12349e-05 -1.64666e-05 2.95825e-05 -2.97221e-05
111068 11068 mes -2.00075e-06 -5.00211e-05 2.58563e-06 -3.5155e-05 3.28303e-05 -2.51648e-05
111069 11069 mes -6.64699e-06 -1.97287e-05 1.25052e-06 -2.21568e-05 4.14396e-05 -2.86402e-05
111070 11070 mes -3.96687e-06 -1.46335e-05 2.14037e-07 -2.96354e-05 7.53162e-05 -5.92742e-07
111071 11071 mes 7.1609e-06 -7.12914e-05 5.04439e-06 -3.02852e-05 2.43272e-05 -9.5515e-06
111072 11072 mes 3.32597e-06 -6.08004e-05 3.416e-06 -1.94594e-05 4.03515e-05 -2.88014e-05
111073 11073 mes 1.04443e-05 -1.45637e-05 2.73503e-06 -3.89802e-05 2.41142e-06 -2.62553e-05
111076 11076 mes 4.39424e-06 -1.94561e-05 -3.9631e-06 -2.83088e-05 4.91339e-05 -8.66576e-06
111077 11077 mes 8.13676e-06 -4.49664e-05 -2.83324e-06 -3.4663e-05 2.32331e-05 -2.93024e-05
111078 11078 mes 5.34657e-07 -4.49273e-05 5.13981e-06 -3.02849e-05 4.84799e-05 -1.86728e-05
111079 11079 mes 4.93892e-06 -2.3812e-05 2.7825e-06 -2.33585e-05 3.60606e-05 -2.32557e-05
111080 11080 mes 2.44993e-06 -5.48012e-06 5.22797e-06 -3.30939e-05 5.44228e-05 -9.9208e-06
111081 11081 mes 5.44273e-06 -4.92292e-05 3.04556e-06 -3.74286e-05 1.27294e-05 -2.48796e-05
112001 11001 mes 4.62206e-06 -2.5304e-05 1.45122e-05 -2.65789e-05 3.21327e-05 -1.47365e-05
112002 11002 mes 1.33587e-05 -5.10374e-05 -7.35653e-06 -4.09193e-05 6.48303e-05 -2.05036e-05
112004 11004 mes 7.13916e-06 -6.76331e-05 7.63645e-06 -3.57393e-05 2.30635e-05 -1.88239e-05
112005 11005 mes -1.80087e-06 -2.64489e-05 7.45066e-06 -3.27422e-05 2.52844e-05 -1.71943e-05
112006 11006 mes 6.84407e-06 -2.54907e-05 6.04184e-06 -2.48159e-05 5.09128e-05 -3.11784e-05
112060 11060 mes 2.74293e-06 -2.18301e-05 1.87633e-06 -3.96741e-05 5.1364e-05 -1.67393e-05
112061 11061 mes 3.37057e-06 -5.13753e-05 -1.06058e-06 -3.62562e-05 4.92883e-05 -6.69676e-06
112062 11062 mes 2.36394e-06 -3.92291e-05 2.29845e-06 -2.85912e-05 6.64011e-05 -1.59307e-05
112063 11063 mes -4.02715e-06 -5.47833e-05 1.02066e-05 -2.99519e-05 2.63599e-05 -1.77999e-05
112064 11064 mes 3.08702e-07 -4.27587e-05 7.44444e-06 -1.90064e-05 9.71104e-05 -1.3844e-05
112066 11066 mes 2.90765e-06 -5.2691e-05 3.41407e-06 -2.07798e-05 3.95798e-05 -2.40707e-05
112068 11068 mes 1.23572e-06 -6.67384e-05 9.27758e-06 -3.52831e-05 3.51305e-05 -2.14815e-05
112069 11069 mes 1.41775e-06 -5.44671e-05 1.58956e-06 -3.69974e-05 4.22755e-05 -2.91e-05
112070 11070 mes 5.52602e-06 -3.56062e-05 3.16081e-06 -3.95974e-05 5.50098e-05 -2.77427e-05
112071 11071 mes 2.03667e-06 -5.29165e-05 2.0695e-06 -2.70645e-05 4.02662e-05 -2.07754e-05
112072 11072 mes 6.06819e-06 -5.54805e-05 3.62907e-06 -3.9109e-05 3.6089e-05 -2.59343e-05
112073 11073 mes 4.42223e-06 -3.90037e-05 1.05642e-05 -3.67838e-05 5.42697e-05 -1.16505e-05
112074 11074 mes 1.88373e-06 -4.82956e-05 5.73167e-06 -4.23231e-05 3.2612e-05 -1.82891e-05
112075 11075 mes -2.20477e-06 -2.66558e-05 6.49196e-06 -3.59658e-05 1.44658e-05 -3.43536e-06
112076 11076 mes -5.3232e-06 -3.64083e-05 -4.44099e-06 -2.77218e-05 6.50066e-05 -1.98059e-05
112077 11077 mes 1.05194e-05 -2.89874e-05 1.49805e-06 -4.10435e-05 2.58676e-05 -1.14824e-05
112078 11078 mes 6.41511e-06 -6.40726e-08 6.34429e-06 -3.21408e-05 5.83909e-05 -4.85136e-06
112079 11079 mes -1.59779e-06 -5.11415e-05 5.64704e-06 -3.981e-05 1.83377e-05 -1.53649e-05
112080 11080 mes 5.92415e-06 -5.08257e-05 2.99556e-06 -3.94731e-05 5.6249e-05 -1.427e-05
112081 11081 mes 5.77426e-06 -6.79673e-05 -5.62646e-06 -3.45912e-05 3.82942e-05 -2.82014e-05
112082 11082 mes 2.30179e-06 -4.864e-05 7.64313e-06 -3.39783e-05 4.1989e-05 -1.47701e-05
121038 12038 mes 8.39004e-06 -2.47135e-05 4.11562e-06 -3.03353e-05 4.28721e-05 -7.71007e-06
121039 12039 mes 6.13614e-06 -1.72332e-05 -1.69729e-06 -3.53098e-05 7.6e-05 -1.92497e-05
121040 12040 mes 8.88422e-06 -2.1531e-05 5.90589e-06 -2.89821e-05 3.46288e-05 -4.04437e-05
121041 12041 mes -3.9212e-06 -4.05378e-05 5.7001e-06 -3.96446e-05 4.73683e-05 -1.16205e-05
121042 12042 mes 1.16156e-05 -4.04309e-05 4.524e-06 -4.80144e-05 3.72077e-05 -1.93728e-05
121043 12043 mes 9.39246e-06 -5.78682e-05 5.91326e-06 -3.07827e-05 7.11656e-05 -1.644e-05
121044 12044 mes 9.59699e-06 -6.41588e-05 -3.87305e-06 -3.05967e-05 2.45466e-05 -2.4018e-05
121050 12050 mes -6.94616e-06 -1.68959e-05 1.12966e-05 -3.28258e-05 7.97808e-05 -1.66704e-05
121062 12062 mes 1.6913e-06 -6.06094e-05 6.68176e-06 -3.54747e-05 1.49635e-05 -8.37153e-06
121064 12064 mes 1.26192e-06 -8.66063e-05 1.14819e-05 -4.39225e-05 6.2289e-05 -2.11024e-05
121065 12065 mes 8.00442e-06 -2.24362e-05 -1.07179e-05 -4.50611e-05 5.06091e-05 -1.53109e-05
121066 12066 mes -1.39991e-06 -7.51664e-06 3.82852e-06 -3.15581e-05 4.54979e-05 -2.28792e-05
121068 12068 mes -1.79281e-06 -2.25596e-05 1.20392e-05 -3.09359e-05 6.29094e-05 -3.20514e-05
121070 12070 mes 1.17294e-05 -1.94177e-05 1.67545e-06 -4.72478e-05 4.97604e-05 -2.84298e-05
121073 12073 mes 1.19253e-05 -5.26723e-05 -5.14127e-06 -4.1919e-05 1.22468e-05 -2.91776e-05
121074 12074 mes 1.01018e-05 -4.77128e-05 -1.89528e-07 -3.26196e-05 6.57855e-05 -1.84673e-05
121076 12076 mes 6.93026e-06 -1.93228e-05 3.64257e-06 -3.40477e-05 6.21534e-05 -1.66865e-05
121077 12077 mes 1.37393e-05 -2.65855e-05 4.87015e-06 -5.8434e-05 3.41253e-05 -2.14593e-05
121078 12078 mes -7.00965e-06 -2.0561e-06 1.02342e-05 -2.75466e-05 4.61693e-05 -2.54879e-05
121079 12079 mes 6.85617e-06 -2.55011e-05 3.88491e-06 -4.39427e-05 1.71231e-05 -2.60671e-05
121082 12082 mes 5.39703e-06 -2.7738e-05 3.75754e-07 -3.15839e-05 5.53111e-05 -1.15173e-05
121083 12083 mes 4.28654e-06 -4.67026e-05 6.3224e-06 -3.65729e-05 2.34045e-05 6.25309e-07
121084 12084 mes 4.14004e-06 -3.68426e-05 4.83461e-06 -3.15889e-05 4.54226e-05 -1.16173e-05
122020 12020 mes 4.64466e-06 -4.67362e-05 -1.63474e-06 -4.17202e-05 6.51222e-05 -1.87618e-05
122021 12021 mes 1.53067e-05 7.15712e-07 -2.35822e-06 -5.35337e-05 4.11252e-05 -1.41811e-05
122048 12048 mes 6.95497e-06 -2.38339e-05 1.20197e-05 -3.91923e-05 3.4896e-05 -1.57405e-05
122049 12049 mes 4.64425e-06 -2.92876e-05 -6.89843e-06 -6.07611e-05 2.39388e-05 -2.56187e-05
122050 12050 mes 1.40829e-05 -5.41066e-05 3.75747e-06 -3.12283e-05 2.35765e-05 -3.60979e-05
122051 12051 mes 9.03416e-06 -5.38068e-05 2.76097e-06 -4.54459e-05 4.04457e-05 -2.42734e-05
122052 12052 mes 1.32166e-05 -8.88207e-06 2.23106e-06 -4.05022e-05 4.62716e-05 -1.35672e-05
122053 12053 mes 5.0462e-06 -4.45091e-05 3.11805e-06 -3.97936e-05 1.20052e-05 -2.32922e-05
122054 12054 mes 1.41948e-05 -3.71614e-05 6.66537e-06 -4.32671e-05 8.51682e-05 -1.25495e-05
122055 12055 mes 1.6747e-05 -1.63182e-05 -1.38516e-06 -4.52748e-05 6.40994e-05 -2.82584e-05
122056 12056 mes 1.38384e-05 -7.97248e-06 6.55957e-06 -5.11538e-05 7.82297e-05 -2.17381e-05
122059 12059 mes 1.79274e-05 -4.85988e-05 2.25355e-06 -4.66989e-05 4.41189e-05 -3.3076e-05
122060 12060 mes 1.21831e-05 -2.01461e-05 -4.04863e-06 -5.39822e-05 4.4974e-05 -1.21416e-05
122061 12061 mes 4.73088e-06 -4.79846e-05 3.87372e-06 -2.68054e-05 2.9608e-05 -2.08256e-05
122072 12072 mes 5.22363e-06 -4.79439e-05 2.70046e-06 -4.01911e-05 5.40579e-05 -4.44837e-05
122073 12073 mes 4.63892e-06 -3.7429e-05 6.99719e-06 -4.40908e-05 1.43199e-05 -1.96266e-05
122074 12074 mes 7.14506e-06 -3.10974e-05 3.66918e-06 -1.70679e-05 1.52627e-05 -2.03222e-05
122075 12075 mes 3.95666e-06 -7.60873e-05 9.39456e-06 -3.77112e-05 5.64193e-05 -1.71876e-05
122076 12076 mes 4.92661e-06 -2.68446e-05 5.1897e-06 -5.15917e-05 4.9428e-05 -1.76619e-05
122077 12077 mes 4.87309e-06 -2.67685e-05 1.82199e-06 -3.76515e-05 4.92935e-05 -5.44227e-06
122078 12078 mes -1.12618e-06 -3.9414e-05 8.31846e-06 -3.06752e-05 3.15945e-05 -2.41854e-05
122079 12079 mes 8.68836e-06 -1.94979e-05 2.88163e-06 -4.35245e-05 4.31107e-05 -1.58353e-05
122080 12080 mes 9.22257e-06 -3.21501e-05 6.10438e-06 -4.05557e-05 6.8335e-05 -2.05536e-05
122081 12081 mes 1.1057e-06 -7.45423e-06 1.57296e-06 -2.76447e-05 3.67419e-05 -1.92781e-05
122083 12083 mes 4.25206e-06 -6.24283e-05 7.53213e-07 -4.45288e-05 4.00602e-05 -1.53036e-05
122084 12084 mes -5.91628e-07 -3.84519e-05 -2.78878e-06 -4.34935e-05 5.94768e-05 -2.77759e-05
122085 12085 mes 7.68352e-06 -4.85049e-05 -3.74353e-06 -5.2533e-05 7.8795e-05 -1.49719e-05
201002 20002 mes 3.93377e-06 -4.50551e-05 4.43801e-06 -2.90578e-05 1.0028e-05 -1.42375e-05
201003 20003 mes 4.63675e-06 -5.05966e-05 4.24405e-06 -4.06643e-05 1.95484e-05 -2.68336e-05
201004 20004 mes 1.45536e-05 -6.87958e-05 -4.82594e-06 -4.19705e-05 5.2193e-05 -1.97165e-05
201005 20005 mes 7.70101e-06 -2.63302e-05 8.27185e-06 -4.91856e-05 2.22118e-05 -1.35198e-05
201006 20006 mes 5.21523e-06 -4.16174e-05 4.2188e-06 -2.27254e-05 1.80143e-05 -1.23613e-06
201007 20007 mes 1.09118e-05 -5.17642e-05 -1.73991e-06 -3.12546e-05 3.56615e-05 -2.16053e-05
201008 20008 mes 1.66596e-05 -3.23768e-05 2.18966e-06 -3.71289e-05 4.38639e-05 -2.44352e-05
201010 20010 mes 1.85438e-06 -6.667e-05 4.78383e-06 -3.65303e-05 2.55123e-05 -1.03164e-05
201516 20016 nat 1.35663e-05 -4.05088e-05 8.8352e-07 -4.99194e-05 4.95573e-05 -1.17324e-05
201519 20019 nat 3.87009e-06 -5.21015e-05 4.49412e-06 -4.76676e-05 5.49063e-05 -1.0504e-05
201520 20020 nat 1.26628e-05 -2.7125e-05 6.59907e-06 -4.32904e-05 1.25779e-05 -2.373e-05
201529 20029 nat 8.00842e-06 -6.92644e-05 -8.13341e-06 -5.79819e-05 3.32059e-05 -1.53257e-05
201541 20041 nat 4.139e-06 -6.21728e-05 -3.14013e-06 -4.84913e-05 2.11127e-06 -1.25045e-05
201543 20043 nat 8.62973e-06 -4.58175e-05 5.48347e-06 -3.37227e-05 6.42405e-05 -1.3388e-05
201545 20045 nat 4.51457e-06 -4.0427e-05 1.24584e-05 -4.87634e-05 2.62816e-05 -1.26858e-05
201555 20055 nat -3.24981e-06 -2.74307e-05 2.677e-06 -4.54826e-05 4.64016e-05 -2.03103e-05
201559 20059 nat 1.63306e-05 -3.37318e-05 4.38221e-06 -4.28435e-05 3.17006e-05 -2.60145e-05
201569 20069 nat 8.95836e-06 -3.84341e-05 -3.68e-06 -4.78038e-05 9.31401e-06 -9.31804e-06
201604 20004 nat 1.73681e-06 -3.48809e-05 -2.42162e-06 -3.96172e-05 3.79478e-05 -5.96416e-06
201606 20006 nat 1.03846e-05 -4.50845e-05 2.89829e-06 -4.06397e-05 2.6036e-05 -1.82536e-05
201607 20007 nat 2.89971e-06 -4.89525e-06 1.37551e-07 -3.80696e-05 2.63599e-05 -1.90189e-05
201901 20001 nat 1.41071e-05 -4.61487e-05 6.14211e-07 -4.09808e-05 3.70109e-05 -1.80715e-05
201903 20003 nat 7.1968e-06 -9.82314e-06 -1.34914e-06 -4.13681e-05 3.1381e-05 -2.56942e-05
201904 20004 nat 1.0587e-05 -4.71114e-05 -3.18741e-06 -4.47867e-05 1.29935e-05 -1.14915e-05
201906 20006 nat 1.19005e-05 -2.14509e-05 -7.42772e-07 -5.31458e-05 -8.33779e-06 -5.1156e-07
201907 20007 nat 7.19369e-06 -4.44573e-05 5.31534e-06 -4.89599e-05 5.36291e-05 -2.44855e-05
201908 20008 nat 2.89989e-06 -8.46319e-06 1.30409e-05 -4.3638e-05 3.58079e-05 -7.96075e-06
201910 20010 nat 7.90041e-06 -6.4091e-05 7.31955e-06 -4.61817e-05 -3.51322e-07 -2.7647e-05
201911 20011 nat 5.67271e-06 -2.29249e-05 1.85187e-06 -4.08253e-05 2.76325e-05 -3.03806e-05
201912 20012 nat 1.43741e-05 -1.64174e-06 -1.63197e-06 -4.60031e-05 2.02319e-05 -1.62391e-05
201913 20013 nat 6.68327e-06 -2.11321e-05 -2.52538e-06 -4.49185e-05 4.77377e-05 -1.09497e-05
202001 20001 mes 2.18267e-06 -2.61723e-05 4.03047e-06 -3.43378e-05 1.20919e-05 -1.76241e-05
202003 20003 mes 8.18825e-06 -4.82062e-05 3.11079e-07 -4.27861e-05 1.87066e-05 -8.64246e-06
202004 20004 mes 1.6683e-05 -1.13184e-05 2.70245e-06 -4.21666e-05 2.01426e-05 -1.39727e-05
202005 20005 mes 5.35162e-06 -2.00242e-05 -2.8078e-06 -4.80296e-05 1.93089e-05 -1.0357e-05
202006 20006 mes 3.76629e-06 -1.92554e-05 5.65238e-07 -3.8154e-05 4.59923e-05 -1.14923e-05
202007 20007 mes 2.93186e-06 -5.34458e-05 3.70425e-06 -3.66272e-05 4.73271e-05 -2.67621e-05
202008 20008 mes 1.08947e-05 -1.66074e-05 -1.86262e-06 -4.22054e-05 6.64765e-05 -2.81364e-05
202009 20009 mes 8.43347e-06 -4.80438e-05 5.37356e-07 -5.03221e-05 2.00174e-05 -1.82469e-05
202010 20010 mes 9.29495e-07 5.65205e-07 9.49803e-06 -2.75221e-05 6.37798e-05 -2.27616e-05
202011 20011 mes 1.14096e-05 5.99237e-06 4.95684e-06 -3.79667e-05 4.50611e-05 -1.72736e-05
202513 20013 nat 2.76761e-06 -3.16339e-05 5.5895e-06 -4.36307e-05 2.83851e-05 -1.79733e-05
202534 20034 nat 1.02419e-05 -3.90877e-05 -7.08069e-07 -4.43588e-05 4.96915e-06 -2.02606e-05
202540 20040 nat 1.09729e-05 -4.97938e-05 4.11348e-06 -4.17557e-05 2.67727e-05 -1.20422e-05
202542 20042 nat 6.63679e-06 -3.27237e-05 -3.45164e-06 -4.06451e-05 2.59732e-05 -7.40677e-06
202545 20045 nat 1.17222e-05 -4.62179e-05 1.49447e-06 -5.35534e-05 1.09177e-05 -1.26216e-05
202548 20048 nat -9.08719e-07 -6.07048e-05 -1.60691e-07 -3.88126e-05 3.149e-06 -2.61527e-05
202560 20060 nat 7.75047e-06 -2.45051e-05 2.31308e-06 -4.003e-05 4.32573e-05 -1.3739e-05
202566 20066 nat 8.76142e-06 -1.90501e-05 4.83157e-06 -4.59936e-05 1.58235e-05 -1.6429e-05
202576 20076 nat 8.49208e-06 -5.44605e-05 2.26819e-06 -4.92365e-05 4.00116e-05 -2.56787e-05
202597 20097 nat 6.76265e-06 -3.24477e-05 -3.05699e-06 -4.63204e-05 4.48388e-05 -1.00431e-05
202602 20002 nat 1.18598e-05 -2.75316e-05 1.49434e-06 -4.65227e-05 1.27362e-05 -1.14391e-05
202609 20009 nat 3.78095e-06 -3.16085e-05 7.41973e-07 -3.99691e-05 4.26376e-05 -1.08473e-05
202905 20005 nat 1.22728e-05 -2.91994e-05 -8.00027e-06 -4.70602e-05 2.77134e-05 -1.77124e-05
202907 20007 nat 6.08963e-06 -2.08306e-05 6.09854e-06 -3.69616e-05 2.40989e-05 -3.76237e-05
202908 20008 nat 1.20351e-05 -3.50353e-05 3.30818e-06 -5.28389e-05 1.62402e-05 -4.32573e-06
202909 20009 nat 3.17063e-06 2.04711e-06 3.2817e-06 -3.02148e-05 2.57409e-05 -1.75398e-05
202910 20010 nat 9.11216e-06 -3.45352e-05 -3.17184e-06 -3.69143e-05 1.0936e-05 -1.21032e-05
261011 26011 mes -1.00275e-05 -5.96513e-05 1.2258e-05 -7.31637e-06 1.34071e-05 -2.36452e-05
261012 26012 mes 3.63438e-06 -9.25092e-06 9.27326e-07 -3.48303e-05 6.95143e-05 -1.22739e-05
261013 26013 mes 3.90623e-06 -7.39851e-05 -5.92586e-06 -7.19283e-06 3.6775e-05 -2.33467e-05
261015 26015 mes -4.87755e-06 -4.55786e-05 9.2871e-06 -1.63801e-05 3.03145e-05 -2.06802e-05
261016 26016 mes -3.94859e-07 -3.25067e-05 7.78043e-06 -1.84803e-05 5.28017e-05 -2.65228e-05
261017 26017 mes 7.81921e-06 -3.90522e-05 8.66088e-06 -1.60861e-05 6.18124e-05 -2.27516e-05
261018 26018 mes -1.16217e-05 -1.72188e-05 7.62763e-06 -3.08068e-05 2.98943e-05 -6.28129e-06
261021 26021 mes -2.87416e-06 -6.89341e-05 1.16853e-05 -3.21375e-05 1.6091e-05 -2.09907e-05
261022 26022 mes -3.21905e-06 -1.78842e-05 8.96581e-06 -1.90478e-05 5.93362e-05 -2.23943e-05
261023 26023 mes -5.26769e-06 -3.29937e-05 4.89375e-06 -7.63686e-06 2.44714e-05 -1.01045e-05
261024 26024 mes -7.1976e-06 -5.42478e-05 1.06824e-05 -1.04508e-05 3.90524e-05 -2.53343e-05
261026 26026 mes -4.68348e-06 -5.66458e-05 -1.41163e-06 -2.72763e-05 7.63238e-05 -1.15441e-05
261027 26027 mes 3.48891e-06 -2.22047e-05 1.15401e-05 -3.31378e-05 5.72042e-05 -1.99017e-05
261028 26028 mes 1.95583e-06 -2.02862e-05 1.01674e-05 -2.25202e-05 6.67749e-05 -2.33614e-05
261061 26061 mes 3.68594e-06 -5.56271e-05 6.33008e-06 -1.35468e-05 4.80678e-05 -1.186e-05
261062 26062 mes -7.43443e-06 -5.44159e-05 2.066e-05 4.09244e-06 1.87366e-05 -2.8184e-05
261063 26063 mes 2.10693e-06 -1.49299e-05 8.00169e-07 -9.24632e-06 3.50665e-05 -1.33436e-05
261064 26064 mes -3.28484e-06 -2.59433e-05 8.82961e-06 -1.73501e-05 4.18152e-05 -7.69452e-06
261065 26065 mes 2.8049e-06 -1.95441e-05 2.18063e-06 -2.40806e-05 3.43275e-05 -2.65158e-05
261066 26066 mes 2.44639e-06 -4.8048e-05 2.23194e-05 -2.18801e-05 1.50217e-06 -1.66729e-05
261067 26067 mes 6.90194e-06 -3.58758e-05 7.11409e-06 -1.71226e-05 2.46042e-05 -1.99718e-05
261068 26068 mes 1.35054e-06 -4.08615e-05 4.33079e-06 -3.78216e-05 8.8203e-05 -2.17385e-05
261070 26070 mes 1.00585e-05 -4.92141e-05 5.0746e-06 -2.17367e-05 5.09128e-05 -2.06826e-05
261071 26071 mes 5.34429e-06 -2.69764e-05 3.06221e-06 -1.55693e-05 2.99292e-05 -2.96455e-05
262001 26001 mes 2.57853e-06 -3.52764e-05 4.78147e-06 -2.81688e-05 5.84462e-05 -2.51949e-05
262002 26002 mes 4.92163e-06 -1.78643e-05 8.02836e-06 1.48673e-06 6.08454e-05 -2.05373e-05
262003 26003 mes -1.32505e-05 -5.63073e-05 4.2976e-06 -3.45697e-05 3.54724e-05 -2.44533e-05
262004 26004 mes -2.1134e-06 -3.99151e-05 9.36016e-06 -2.57244e-05 5.20343e-05 -1.69928e-05
262006 26006 mes 8.11121e-06 -2.14683e-05 1.15111e-06 -1.42474e-05 6.89107e-05 -1.64579e-05
262007 26007 mes -6.13988e-06 -4.23902e-05 1.36032e-05 -1.43309e-05 4.67558e-05 -1.36044e-05
262008 26008 mes -8.74981e-06 -2.54505e-05 5.31688e-06 -2.70417e-06 6.89475e-05 -2.38825e-05
262009 26009 mes -8.46364e-06 -6.91112e-05 1.46049e-06 -1.83862e-05 1.02539e-05 -7.30245e-06
262048 26048 mes -8.47744e-06 -2.84783e-05 9.48866e-06 -1.97268e-05 -1.15718e-05 -1.29625e-05
262059 26059 mes -1.10135e-06 -4.51447e-05 -5.7472e-06 -2.69176e-05 5.30347e-05 -2.00832e-05
262061 26061 mes -7.09157e-06 -4.06931e-05 4.05515e-06 -1.91448e-05 7.34943e-05 -1.85922e-05
262062 26062 mes -8.67378e-06 -5.93956e-05 1.1707e-05 -2.15029e-05 7.66209e-05 -7.82947e-06
262063 26063 mes 4.70145e-06 -7.55652e-05 1.21047e-05 -9.6103e-06 3.2925e-05 -1.6333e-05
262065 26065 mes -8.29662e-06 -6.57492e-06 -1.68245e-06 -1.34222e-05 8.61835e-05 -3.70458e-06
262069 26069 mes 3.48516e-06 -3.0203e-05 9.37113e-06 -3.0665e-05 5.06962e-05 -1.45235e-05
262070 26070 mes 1.68527e-06 -2.19534e-05 7.22331e-06 -1.94072e-05 7.56279e-05 -1.9092e-05
262074 26074 mes 6.38494e-06 -4.30694e-05 2.51639e-07 -1.89251e-05 4.80457e-05 -2.57534e-05
262076 26076 mes -2.35103e-06 -2.18405e-05 2.11564e-06 -9.1644e-06 4.26987e-05 -8.62419e-06
262077 26077 mes 1.06823e-05 -4.29917e-05 8.13613e-06 -1.94718e-05 4.02383e-05 -1.38528e-05
262078 26078 mes -4.97151e-06 -6.20605e-05 6.72645e-07 -4.97405e-07 1.55834e-06 -8.87612e-06
262079 26079 mes 2.66543e-06 -4.64347e-05 5.49202e-06 -1.85377e-05 2.81856e-05 -1.51446e-05
262080 26080 mes -5.36632e-06 -4.51683e-05 7.86426e-06 -5.13954e-06 2.44138e-05 -1.06228e-05
262081 26081 mes -5.66102e-06 -3.83339e-05 6.81577e-06 -2.30589e-05 4.61282e-05 -3.95953e-05
262099 26099 mes -2.52327e-06 -4.74251e-05 7.27675e-06 -3.06714e-05 6.31958e-06 -2.31387e-05
262100 26000 mes -5.13882e-06 -5.73216e-05 8.3568e-06 -2.55344e-05 7.86251e-05 -2.21646e-05
281001 28001 mes 4.6931e-06 -4.54559e-05 -4.6164e-06 -3.11995e-05 3.60633e-05 -2.3434e-05
281002 28002 mes 1.79867e-06 -3.60035e-05 3.35183e-06 -2.96155e-05 2.96579e-05 -1.17209e-05
281003 28003 mes -6.15755e-06 -3.72331e-05 5.21059e-06 -2.49585e-05 2.66839e-05 -1.12254e-05
281004 28004 mes -2.13578e-06 -2.2259e-06 5.23638e-06 -1.51452e-05 9.44618e-06 -7.70721e-06
281005 28005 mes 3.8975e-06 -6.65537e-05 1.33782e-05 -1.35391e-05 3.2585e-05 -1.36727e-05
281008 28008 mes 4.22639e-06 -7.25577e-05 8.9007e-06 -3.17197e-05 2.66308e-05 -1.27055e-05
281009 28009 mes 7.46455e-06 -3.88808e-05 2.02531e-06 -3.88954e-05 3.09707e-05 -7.04802e-06
281010 28010 mes 5.65737e-06 -2.83353e-05 1.33432e-05 -2.5452e-05 2.78988e-05 -7.48184e-06
282001 28001 mes 8.5767e-06 -5.38721e-05 1.71966e-06 -3.38379e-05 3.99465e-05 -8.93706e-06
282002 28002 mes 8.8057e-06 -2.30509e-05 2.63429e-06 -3.60045e-05 5.31285e-06 -1.75088e-05
282003 28003 mes 7.08761e-06 -3.10246e-05 8.59201e-06 -3.29665e-05 4.80503e-05 -2.24091e-05
282004 28004 mes 6.37489e-07 -6.4816e-05 -1.22145e-06 -2.83293e-05 3.73703e-05 -2.91836e-05
282005 28005 mes 9.1028e-06 -1.75511e-05 1.09541e-05 -3.35886e-05 2.4614e-05 -1.1421e-05
282007 28007 mes -1.01925e-05 -5.48158e-05 1.19757e-05 -1.85475e-05 1.88515e-05 -1.67836e-05
282008 28008 mes -1.61776e-06 -3.4839e-05 9.8442e-07 -1.59161e-05 4.8925e-05 -1.28553e-05
282009 28009 mes -5.28042e-06 -4.47614e-05 1.13599e-05 -3.96396e-05 1.99975e-05 -1.81898e-05
282010 28010 mes 6.22983e-06 -2.88676e-05 3.85224e-08 -2.92421e-05 2.92925e-05 -2.47781e-05
301001 30001 mes -3.16714e-06 -1.87977e-05 5.70958e-06 -1.32915e-05 3.02011e-05 -9.75245e-06
301002 30002 mes 1.6397e-06 -7.70253e-05 -9.02443e-07 -3.59713e-05 3.74801e-05 -1.75719e-05
301004 30004 mes 3.18099e-06 -3.57806e-05 4.56199e-06 -3.81092e-05 2.88936e-05 -3.18791e-05
301005 30005 mes 1.28325e-05 -4.63608e-05 -1.00122e-05 -4.18632e-05 6.57786e-05 -1.64599e-05
301007 30007 mes 5.32516e-06 -7.55913e-05 1.62009e-05 -3.67708e-05 5.03006e-05 -1.5154e-05
301008 30008 mes 5.41264e-06 -5.89309e-05 -6.22577e-06 -3.38646e-05 1.10348e-05 -1.97844e-05
301009 30009 mes -6.31931e-06 -7.15194e-05 1.48099e-05 -2.81215e-05 2.21508e-05 -2.07617e-05
301010 30010 mes -5.90099e-06 -1.37119e-06 1.54136e-05 -4.26147e-05 3.97249e-05 -1.02558e-05
301012 30012 mes 2.37957e-06 -5.08455e-05 8.87127e-06 -8.07925e-06 1.90406e-05 -3.18307e-05
301013 30013 mes 8.33724e-06 -5.18595e-05 7.81649e-06 -2.80134e-05 9.57925e-06 -1.72288e-05
301014 30014 mes -2.01976e-06 -6.76611e-05 7.31511e-06 -2.95898e-05 1.19931e-05 -1.0734e-05
301015 30015 mes 3.12961e-06 -5.19535e-05 5.08421e-06 -3.15544e-05 8.29563e-05 -4.50801e-05
301016 30016 mes -3.24081e-06 -5.42576e-05 2.73049e-06 -3.92035e-05 1.65429e-05 -2.17537e-05
301046 30046 mes 1.81549e-06 -5.45837e-05 1.22018e-05 -3.09849e-05 2.91218e-05 -1.78364e-05
301047 30047 mes -6.01684e-06 -4.59958e-05 2.3495e-06 -3.03249e-05 3.54196e-05 -1.93293e-05
301048 30048 mes 6.69842e-06 -4.47685e-05 4.84787e-06 -4.54768e-05 1.23046e-05 -1.64685e-05
301049 30049 mes 1.0462e-05 -4.40514e-05 8.15914e-06 -4.57126e-05 1.40734e-05 -1.47317e-05
301050 30050 mes 4.6603e-06 -9.22552e-05 8.68336e-07 -4.62617e-05 1.03025e-05 -1.4726e-05
301051 30051 mes 1.05484e-06 -3.8411e-05 4.36603e-06 -3.85573e-05 6.35403e-05 -1.3801e-05
301052 30052 mes -3.72096e-06 -2.49091e-05 -4.91625e-06 -2.12375e-05 5.59363e-05 -2.5407e-05
301053 30053 mes 8.77135e-06 -5.02789e-05 3.04507e-06 -2.65676e-05 4.37699e-05 -1.95177e-05
301054 30054 mes 1.34546e-05 -4.3525e-05 -3.94051e-06 -4.39558e-05 3.70922e-05 -2.32095e-05
301055 30055 mes 7.70503e-07 -3.92027e-05 7.56802e-07 -3.81511e-05 4.75529e-05 -2.26461e-05
301095 30095 mes 3.93593e-06 -2.37584e-05 -3.66269e-06 -3.54948e-05 4.95767e-05 -1.80658e-05
302001 30001 mes 5.35308e-07 -3.20271e-05 2.86305e-06 -3.14931e-05 2.50872e-05 -2.26778e-05
302003 30003 mes -8.73715e-07 -6.1839e-05 -6.23413e-06 -1.87423e-05 1.66061e-05 -1.57436e-05
302004 30004 mes 6.71282e-06 -5.96872e-05 8.40888e-06 -3.31137e-05 4.73613e-05 -3.82739e-06
302005 30005 mes -1.05273e-05 -8.7488e-05 6.02429e-06 -2.13442e-05 2.09717e-06 -1.01316e-06
302006 30006 mes 9.01926e-06 -3.47825e-05 2.23525e-06 -3.34498e-05 4.71989e-05 -1.47164e-05
302009 30009 mes 6.09718e-06 -1.03228e-05 3.8644e-06 -3.86219e-05 2.02805e-05 -1.53621e-05
302010 30010 mes 9.54244e-06 -3.41934e-05 -2.7623e-07 -4.17922e-05 2.78598e-05 -2.84474e-05
302012 30012 mes 3.34848e-06 -3.03476e-05 2.99225e-06 -2.01873e-05 4.35106e-06 -1.21808e-05
302013 30013 mes 3.52813e-06 -3.6735e-05 8.81896e-06 -2.7237e-05 1.0301e-05 -8.88763e-06
302014 30014 mes 9.18821e-06 -3.01498e-05 1.0027e-05 -3.29428e-05 2.89727e-05 -1.7097e-05
302015 30015 mes -6.00714e-06 -6.15243e-05 1.40052e-05 -2.21119e-05 -1.39683e-05 -2.67141e-05
302017 30017 mes -4.22732e-06 -6.84109e-05 -5.41418e-06 -3.78045e-05 6.00118e-05 -2.24114e-05
302018 30018 mes -1.18671e-06 -3.1327e-05 -3.60942e-06 -3.07209e-05 -1.38419e-05 -1.21215e-05
302019 30019 mes 5.63008e-06 -6.47517e-05 -3.02193e-06 -3.43132e-05 2.20394e-05 -1.68543e-05
302020 30020 mes 3.62101e-06 -1.80601e-05 -2.47825e-06 -2.57048e-05 6.20928e-05 -9.97345e-06
302021 30021 mes 1.07144e-05 -2.60332e-05 9.09319e-06 -3.53884e-05 3.26134e-05 -2.14105e-05
302022 30022 mes 7.9021e-06 -5.6844e-05 8.27999e-06 -3.22525e-05 5.01254e-05 -1.00736e-05
302023 30023 mes -1.04496e-05 -5.10012e-05 2.16221e-05 -5.45826e-06 5.97832e-05 -1.43589e-05
302024 30024 mes 7.51513e-06 -2.0626e-05 4.17271e-06 -2.78787e-05 4.06881e-05 -1.77787e-05
302025 30025 mes 1.20299e-05 -5.10149e-06 -4.51882e-07 -3.65658e-05 2.83623e-05 -2.59187e-05
302026 30026 mes 8.01512e-07 -4.04518e-05 1.06779e-05 -3.71949e-05 1.51281e-05 -2.02363e-05
302027 30027 mes 8.68276e-06 -3.40652e-05 5.70026e-06 -2.23509e-05 6.14681e-05 -1.82573e-05
302028 30028 mes 1.60906e-06 -4.02751e-05 -3.54688e-07 -4.28056e-05 1.87231e-05 -1.36085e-05
302029 30029 mes 3.45759e-06 -6.51382e-05 8.61812e-06 -3.10189e-05 -2.24953e-05 -1.18536e-05
302031 30031 mes -1.01816e-06 -2.88675e-05 -1.17515e-06 -4.43081e-05 1.07743e-05 -1.99755e-05
302032 30032 mes 2.47815e-06 -2.44915e-05 1.29204e-05 -3.09134e-05 3.82415e-05 -9.13347e-06
311002 31002 mes -9.56676e-06 -5.09237e-05 2.10292e-07 -1.19465e-05 3.78704e-05 -2.87673e-05
311003 31003 mes 5.93361e-07 -5.73816e-05 6.41694e-07 -4.7591e-05 3.55754e-05 -1.37902e-05
311004 31004 mes 6.00806e-06 -3.3786e-05 8.89949e-06 -3.16059e-05 3.8916e-05 -2.00691e-05
311005 31005 mes -1.09898e-05 -4.30573e-05 1.49203e-05 2.0185e-06 4.18435e-05 -1.1688e-05
311006 31006 mes -9.42076e-06 -7.47194e-05 5.12502e-06 -2.93558e-06 3.94406e-05 -5.73516e-06
311007 31007 mes 6.59888e-06 -1.73379e-05 3.93606e-06 -3.03782e-05 4.42967e-05 1.12218e-05
311008 31008 mes 2.74861e-06 -5.34497e-05 1.52144e-06 -3.09541e-05 6.03787e-05 -1.22644e-05
311009 31009 mes 3.5104e-06 -3.79329e-05 6.39033e-06 -3.99204e-05 3.24347e-05 -2.10185e-05
311010 31010 mes 2.66874e-06 -5.72933e-05 9.40355e-06 -3.44306e-05 -9.15502e-06 -2.44733e-05
311011 31011 mes 1.17128e-05 6.01562e-06 8.41921e-07 -3.5434e-05 2.98629e-05 -1.51496e-05
311012 31012 mes 8.02323e-06 -6.13398e-05 6.11933e-06 -4.34013e-05 1.74385e-05 -1.46626e-05
311013 31013 mes 6.84873e-06 -4.56444e-05 8.95064e-06 -2.84519e-05 2.92721e-05 -7.22021e-06
311014 31014 mes 3.66843e-06 -2.13244e-05 1.63623e-06 -3.74885e-05 3.7263e-05 -1.9247e-05
311015 31015 mes 5.02789e-06 -2.79354e-05 8.36173e-06 -4.05758e-05 6.67249e-05 -2.26732e-05
311016 31016 mes -5.61339e-08 -1.03612e-05 9.08312e-06 -3.11496e-05 3.28288e-05 -7.33221e-06
311030 31030 mes -4.41244e-06 -3.2835e-05 1.48334e-05 -1.57256e-05 -4.05174e-06 -1.20455e-05
311031 31031 mes -1.78449e-06 -5.16627e-05 7.71629e-06 -2.84319e-05 3.15989e-06 -4.41927e-05
311032 31032 mes -5.24975e-06 -2.93962e-05 1.45537e-06 -1.85296e-05 2.27445e-05 -1.82553e-05
311033 31033 mes 2.14347e-06 -5.3505e-05 -6.56547e-07 -4.23238e-05 2.14038e-05 -2.3187e-05
311034 31034 mes 1.06098e-05 -2.55469e-05 7.56944e-07 -3.17758e-05 3.42037e-05 -3.50737e-05
311035 31035 mes 1.42865e-05 -1.92084e-05 1.32814e-05 -4.54923e-05 5.38229e-05 -1.95178e-05
311036 31036 mes -1.92809e-06 -3.78655e-05 -4.07404e-06 -3.25151e-05 3.62841e-05 -1.21589e-05
311037 31037 mes 7.495e-06 -4.73943e-05 1.375e-06 -3.4543e-05 -8.02443e-06 -2.50872e-05
311038 31038 mes 4.14503e-06 -5.20806e-05 4.75168e-06 -4.56614e-05 -1.04508e-05 -9.08545e-06
311039 31039 mes 1.28145e-05 -7.73152e-05 5.27495e-06 -3.15224e-05 4.3758e-05 -1.28199e-05
312007 31007 mes 4.96087e-06 -4.80409e-05 -1.12701e-06 -4.3545e-05 3.81401e-05 -2.70331e-05
312008 31008 mes -1.85579e-06 -3.45482e-05 3.2791e-06 -2.40847e-05 3.9823e-05 -2.09195e-05
312009 31009 mes 1.69747e-06 -4.34475e-05 7.36695e-06 -2.47442e-05 2.06593e-05 -2.76816e-05
312010 31010 mes -3.81997e-06 -1.13824e-05 6.57356e-06 -3.39813e-05 -3.25095e-06 -1.17507e-05
312011 31011 mes -6.02216e-06 -3.63778e-05 1.83199e-05 -1.77386e-05 5.99969e-05 -2.16525e-05
312013 31013 mes -3.29877e-06 -1.26555e-05 7.7714e-06 -2.89737e-05 4.78595e-05 -1.92599e-05
312014 31014 mes 6.16387e-07 -3.65668e-05 1.21901e-05 -2.47669e-05 4.00033e-05 -2.26785e-05
312015 31015 mes 6.71738e-06 -8.59285e-06 2.96576e-06 -3.60464e-05 5.48332e-05 -1.01535e-05
312016 31016 mes 6.06425e-06 1.56587e-05 5.92435e-06 -3.58675e-05 -5.49505e-06 -2.18424e-05
312017 31017 mes -2.71283e-06 -3.68252e-05 2.03286e-06 -1.47924e-05 1.09603e-05 -1.27364e-05
312018 31018 mes -6.19764e-06 -1.7258e-05 3.46706e-06 -1.9401e-05 4.80548e-05 -1.89361e-05
312019 31019 mes -2.47535e-06 -9.71204e-05 9.00032e-06 -2.59193e-05 5.03217e-05 -1.54415e-05
312020 31020 mes -4.65341e-06 -3.99574e-05 8.56951e-06 -2.26572e-05 4.26154e-05 -1.33064e-05
312022 31022 mes 1.17632e-05 -1.79217e-05 6.23271e-06 -3.23269e-05 4.15929e-05 -2.98935e-05
312023 31023 mes -3.14847e-06 -5.38077e-05 1.20658e-05 -3.24768e-05 1.3009e-06 -1.70939e-05
312082 31082 mes 1.00426e-07 -6.62899e-05 -3.37749e-06 -1.7973e-05 3.80586e-05 -2.97462e-05
312083 31083 mes -3.90656e-06 -4.37822e-05 2.74352e-06 -2.65361e-05 8.788e-05 -9.82953e-06
312084 31084 mes 2.69281e-06 -4.08115e-05 1.67193e-05 -2.43142e-05 1.76997e-05 -1.55806e-05
312086 31086 mes 1.72995e-05 -3.11787e-05 4.86702e-06 -4.63319e-05 3.73317e-05 -1.87473e-05
312087 31087 mes 1.35469e-05 -6.12767e-05 2.78739e-07 -4.42678e-05 2.44074e-05 -1.81477e-05
312088 31088 mes 1.81998e-06 -2.00015e-05 5.0821e-06 -3.0633e-05 3.77613e-05 -1.44775e-05
312089 31089 mes -1.17943e-06 -3.06613e-05 2.02824e-06 -2.59193e-05 1.4045e-05 -2.26509e-05
312090 31090 mes 7.19386e-06 -3.50948e-05 1.949e-06 -4.41674e-05 3.63219e-05 -2.97104e-05
312091 31091 mes 9.75885e-06 -7.75232e-06 6.3689e-06 -3.84444e-05 2.26319e-05 -1.88911e-05
321001 32001 mes 4.88045e-06 -6.90452e-05 1.232e-06 -2.73705e-05 2.39446e-05 -1.04774e-05
321006 32006 mes -1.02817e-06 -5.45294e-05 2.56243e-06 -2.33679e-05 1.89751e-05 -9.60598e-06
321007 32007 mes -3.51269e-06 -2.97467e-05 4.93215e-06 -1.52201e-05 4.04616e-05 -2.08599e-05
321008 32008 mes -7.70641e-07 -2.96312e-05 7.28751e-06 -2.76771e-05 2.864e-05 -1.96932e-05
321009 32009 mes 2.62759e-06 -4.00505e-05 1.19266e-07 -2.82482e-05 1.31476e-05 -2.97886e-05
321010 32010 mes -5.80542e-06 -4.94702e-05 3.93409e-06 -2.56274e-05 2.72243e-06 -2.64424e-06
321011 32011 mes -7.62742e-07 -3.37128e-05 2.309e-06 -1.92475e-05 6.13317e-05 -2.55768e-05
321013 32013 mes -7.83412e-07 -6.17466e-05 -3.17458e-07 -2.54295e-05 3.01029e-05 -3.80509e-06
321014 32014 mes 2.95066e-06 -3.06626e-05 9.11779e-06 -2.43046e-05 4.27388e-05 -2.76891e-05
321015 32015 mes 8.11202e-06 -1.21446e-05 3.48957e-06 -2.72779e-05 4.86072e-05 -2.92227e-05
321017 32017 mes -2.29302e-06 -2.92967e-05 1.07236e-06 -3.22862e-05 -1.35341e-05 -2.18547e-05
321018 32018 mes 2.01018e-06 -4.09471e-05 7.00984e-06 -2.47142e-05 3.11746e-05 -2.65822e-05
321020 32020 mes 2.93278e-06 -3.32422e-05 -5.12365e-06 -1.65765e-05 9.47026e-05 -1.59417e-05
321021 32021 mes -3.93849e-06 -4.45857e-05 -2.41902e-07 -2.28143e-05 4.53746e-05 -1.63378e-05
321045 32045 mes -1.11103e-06 -6.78394e-05 1.00959e-05 -1.86582e-05 4.84198e-05 -1.57405e-05
321089 32089 mes 8.43723e-06 -5.08735e-05 1.47097e-05 -3.75069e-05 3.16917e-05 -2.35959e-05
321090 32090 mes 3.58487e-06 -5.39139e-05 5.95903e-06 -4.09444e-05 5.5026e-05 -8.85479e-06
321091 32091 mes 1.5918e-05 -3.48997e-05 1.95828e-06 -2.30261e-05 2.64582e-05 -1.27888e-05
321092 32092 mes 5.3863e-06 -3.68702e-05 3.01208e-07 -2.99348e-05 6.69319e-05 -8.27601e-06
321093 32093 mes 2.19096e-06 -8.91497e-06 1.67614e-05 -3.17002e-05 -1.34103e-06 -3.17564e-06
321094 32094 mes 3.24033e-06 -3.50582e-05 3.09255e-06 -3.67108e-05 5.71834e-05 -3.11511e-05
321095 32095 mes 2.49271e-06 -6.24828e-05 1.72439e-07 -4.04511e-05 3.61789e-05 -1.88606e-05
321096 32096 mes 3.2456e-06 -5.42641e-05 1.6099e-06 -2.18259e-05 1.38829e-05 -1.94257e-05
321097 32097 mes 6.49024e-06 -5.26412e-05 8.68459e-06 -3.91598e-05 5.69828e-05 -2.7739e-05
321098 32098 mes -4.25771e-06 -2.63713e-05 7.38719e-06 -1.71316e-05 1.92256e-05 -1.42159e-05
322001 32001 mes 1.78729e-06 -6.36705e-05 1.84875e-05 -2.40148e-05 1.1298e-06 -1.15753e-05
322002 32002 mes -1.01781e-05 -3.28077e-05 2.89502e-06 -1.50087e-05 3.11113e-05 -2.22339e-05
322003 32003 mes 3.23401e-06 -4.06915e-05 1.07569e-05 -1.66809e-05 3.545e-05 -4.68178e-06
322004 32004 mes 4.29153e-06 -5.18121e-05 6.74774e-06 -3.93701e-05 9.46038e-06 -3.52808e-05
322005 32005 mes -2.27392e-07 -3.03533e-05 1.06316e-05 -3.68369e-05 7.53429e-05 -1.80717e-06
322006 32006 mes 2.15214e-06 -5.38083e-05 1.59735e-05 -3.02546e-05 6.27549e-05 -2.05906e-05
322007 32007 mes 3.73092e-06 -7.02607e-06 1.00977e-05 -2.8208e-05 4.06175e-05 -1.39982e-05
322008 32008 mes 2.03796e-06 -8.38567e-06 8.3746e-06 -2.42541e-05 4.56963e-05 -2.43281e-05
322009 32009 mes 1.52925e-06 -2.29627e-05 8.03683e-06 -2.50124e-05 3.8162e-05 -3.03728e-05
322010 32010 mes 2.65306e-06 -4.69511e-05 5.55854e-07 -3.98698e-05 1.02934e-05 -2.04768e-05
322011 32011 mes 5.24081e-06 -4.55722e-05 -2.37778e-06 -3.50918e-05 7.42184e-05 -1.11804e-05
322012 32012 mes -4.59061e-06 -4.34431e-05 1.1284e-05 -1.82901e-05 3.66895e-05 -1.08462e-05
322013 32013 mes 6.95959e-06 -3.35315e-05 3.95567e-06 -3.59123e-05 3.33264e-05 -2.03776e-05
322014 32014 mes 1.17206e-08 -5.12737e-05 8.95405e-06 -2.58664e-05 4.80335e-05 -2.87955e-05
322015 32015 mes 1.64008e-06 -1.11345e-05 3.68772e-06 -2.42766e-05 3.08111e-06 -1.49859e-05
322016 32016 mes 4.35008e-06 -5.25459e-05 9.52121e-06 -2.39889e-05 4.44259e-05 -9.51475e-06
322018 32018 mes 3.64454e-06 -1.58848e-05 1.31e-05 -2.63272e-05 3.48847e-05 -9.61608e-06
322085 32085 mes -1.65282e-06 -5.96708e-05 1.14223e-05 -2.28052e-05 3.63095e-05 -1.66146e-05
322086 32086 mes -4.50932e-07 -5.76173e-05 1.3133e-05 -2.2702e-05 5.67052e-05 -8.03264e-06
322087 32087 mes 1.06713e-05 -1.65412e-05 5.16432e-06 -4.21048e-05 1.3845e-05 -6.62655e-06
322088 32088 mes 2.46046e-06 -4.23181e-05 2.30108e-06 -1.58811e-05 5.38876e-05 -8.05745e-06
322089 32089 mes 1.15859e-05 -4.33618e-05 -8.15989e-07 -4.50844e-05 4.35266e-05 -3.28805e-05
322090 32090 mes -1.127e-05 -7.18526e-05 -1.36338e-06 -2.28785e-05 3.52148e-05 -1.5726e-05
322091 32091 mes 4.99576e-06 -6.57968e-05 1.95357e-06 -3.31414e-05 -1.77713e-05 -2.21083e-05
322092 32092 mes 2.50174e-06 -2.28081e-06 7.68252e-06 -3.17068e-05 2.39128e-05 -2.14544e-05
NA06985 1341 ceu -1.90835e-05 -3.98247e-05 1.33779e-05 3.46727e-05 5.43016e-05 -1.07568e-05
NA06993 1341 ceu -1.90715e-05 -6.60243e-05 5.59495e-06 3.35903e-05 4.17299e-05 1.51909e-06
NA06994 1340 ceu -2.46646e-05 -0.000101827 3.33128e-06 3.70399e-05 5.3314e-05 -4.67569e-06
NA07000 1340 ceu -1.90365e-05 -0.00011612 8.06804e-06 4.32745e-05 7.46979e-05 -1.79307e-05
NA07022 1340 ceu -1.15784e-05 -4.44003e-05 6.78216e-07 3.37484e-05 2.49498e-05 3.17708e-06
NA07034 1341 ceu -1.70081e-05 -8.64592e-05 1.47324e-05 3.87328e-05 8.54482e-05 -8.16008e-06
NA07055 1341 ceu -5.36186e-06 -6.97537e-05 6.92473e-06 4.0574e-05 4.04278e-05 -5.43557e-06
NA07056 1340 ceu -5.32677e-06 -6.70501e-05 1.14249e-05 4.2277e-05 6.40921e-05 -1.13635e-05
NA07345 1345 ceu -1.15456e-05 -6.3232e-05 1.48829e-05 4.10671e-05 1.14357e-05 -1.2374e-05
NA07357 1345 ceu -1.37108e-05 -7.05375e-05 1.18321e-05 3.85689e-05 3.53154e-05 -6.54629e-06
NA11829 1350 ceu -1.20411e-05 -7.57821e-05 -2.12338e-06 5.46918e-05 5.30305e-05 2.44589e-07
NA11830 1350 ceu -2.1037e-05 -7.64217e-05 1.10236e-05 3.62708e-05 0.000120475 1.99617e-07
NA11831 1350 ceu -1.16409e-05 -7.68144e-05 6.11206e-06 2.77431e-05 8.17752e-05 -2.29401e-05
NA11832 1350 ceu -1.15765e-05 -6.5829e-05 8.04992e-06 2.59076e-05 5.60741e-05 -1.87538e-05
NA11839 1349 ceu -1.36371e-05 -5.38469e-05 -2.02639e-06 2.96224e-05 7.50013e-05 -1.78368e-05
NA11840 1349 ceu -7.2349e-06 -7.2133e-05 -4.21578e-06 3.57349e-05 3.11652e-05 -1.37965e-05
NA11881 1347 ceu -3.17954e-05 -5.42884e-05 8.44185e-06 4.21379e-05 5.39944e-05 5.95738e-06
NA11882 1347 ceu -2.76566e-06 -0.000124191 8.87254e-06 3.48407e-05 7.56207e-05 -5.96089e-06
NA11992 1362 ceu -1.00588e-05 -0.000114949 7.41246e-06 3.39229e-05 7.74583e-05 -1.35371e-05
NA11993 1362 ceu -1.51134e-05 -4.58874e-05 1.31076e-05 3.32014e-05 3.47201e-05 -1.30579e-05
NA11994 1362 ceu -2.02978e-05 -4.71298e-05 1.86448e-05 2.82023e-05 5.3091e-05 -7.74971e-06
NA11995 1362 ceu -1.53903e-05 -6.93707e-05 1.55792e-06 4.09854e-05 5.20541e-05 -1.51548e-06
NA12003 1420 ceu -1.4543e-05 -9.45159e-05 -7.59257e-07 4.13532e-05 7.45205e-05 4.95693e-06
NA12004 1420 ceu -1.28506e-05 -8.44754e-05 2.46925e-06 2.52393e-05 4.58026e-05 -6.16663e-06
NA12005 1420 ceu -1.14577e-05 -8.01622e-05 7.03166e-06 3.59116e-05 8.57775e-05 -2.25975e-05
NA12006 1420 ceu -1.29821e-05 -8.27423e-05 1.71002e-05 3.65251e-05 5.28877e-05 -1.77333e-06
NA12043 1346 ceu -2.16426e-05 -8.97664e-05 1.23473e-05 3.76966e-05 4.46125e-05 -9.2904e-07
NA12044 1346 ceu -8.88262e-06 -0.000108023 5.3375e-06 5.03653e-05 6.45151e-05 -1.29679e-05
NA12056 1344 ceu -8.71995e-06 -0.000101883 3.28023e-06 3.39548e-05 8.14846e-05 -1.99773e-05
NA12057 1344 ceu -9.44667e-06 -9.81397e-05 4.2587e-06 4.73656e-05 3.80289e-05 -2.45596e-05
NA12144 1334 ceu -1.63751e-05 -8.91537e-05 1.21603e-05 2.94884e-05 5.00739e-05 -2.10754e-05
NA12145 1334 ceu -1.81069e-05 -7.41181e-05 1.39564e-05 3.60595e-05 8.12186e-05 1.1593e-05
NA12146 1334 ceu -1.93985e-05 -9.20872e-05 1.00882e-05 3.66138e-05 6.51401e-05 -5.83776e-06
NA12154 1408 ceu -1.29326e-05 -0.000112552 9.88005e-06 5.80818e-05 7.23834e-05 3.94846e-06
NA12155 1408 ceu -6.06816e-06 -7.60656e-05 7.07344e-06 3.55483e-05 5.71706e-05 2.1948e-06
NA12156 1408 ceu -1.26099e-05 -5.5435e-05 6.13531e-06 3.36387e-05 4.87962e-05 4.68057e-06
NA12234 1375 ceu -2.05489e-05 -9.82745e-05 5.12089e-06 2.67733e-05 2.32319e-05 -1.36885e-06
NA12236 1408 ceu -2.44539e-05 -7.23918e-05 3.47387e-06 4.60506e-05 4.36836e-05 4.05368e-06
NA12239 1334 ceu -1.51238e-05 -7.46374e-05 1.67709e-05 4.99685e-05 7.65478e-05 -7.63147e-06
NA12248 1416 ceu -1.12438e-05 -0.000124802 1.53385e-05 4.34352e-05 2.43613e-05 -9.24229e-06
NA12249 1416 ceu -1.87445e-05 -9.83185e-05 -3.43828e-06 4.5373e-05 7.1747e-05 -1.42924e-05
NA12264 1375 ceu -2.60846e-05 -5.64221e-05 1.35546e-05 3.20407e-05 8.44127e-05 -1.48585e-06
NA12716 1358 ceu -5.23022e-06 -6.50756e-05 6.79223e-06 4.67543e-05 6.99792e-05 2.49201e-06
NA12717 1358 ceu -2.33134e-05 -4.08123e-05 8.18777e-06 4.28249e-05 0.00011044 -1.28332e-05
NA12750 1444 ceu -1.18114e-05 -8.91942e-05 9.86582e-07 3.04059e-05 6.20104e-05 9.66504e-06
NA12751 1444 ceu -2.00454e-05 -1.82687e-05 1.27617e-05 3.48401e-05 9.86902e-05 -5.96823e-06
NA12760 1447 ceu -5.07694e-06 -8.76038e-05 1.39077e-05 2.07953e-05 0.00011196 -2.319e-05
NA12761 1447 ceu -1.61587e-05 -6.88848e-05 1.75596e-05 5.10593e-05 8.40464e-05 -8.84186e-06
NA12762 1447 ceu -1.12345e-05 -8.34545e-05 1.99141e-05 4.12181e-05 6.47876e-05 -4.17922e-06
NA12763 1447 ceu -1.24038e-05 -6.561e-05 1.31497e-05 2.76111e-05 3.22341e-05 -1.1674e-05
NA12812 1454 ceu -1.42483e-05 -3.82927e-05 1.13153e-05 3.34452e-05 6.02202e-05 -3.50096e-06
NA12813 1454 ceu -2.08122e-05 -7.20804e-05 7.55339e-06 3.65246e-05 9.96533e-05 -1.71432e-05
NA12814 1454 ceu -1.26015e-05 -5.08737e-05 -4.03661e-07 3.74875e-05 5.92025e-05 -2.82821e-05
NA12815 1454 ceu -1.80522e-05 -9.14202e-05 1.40302e-05 3.79656e-05 8.24371e-05 -9.80352e-06
NA12872 1459 ceu -1.55282e-05 -6.48498e-05 4.02642e-06 4.56752e-05 9.63662e-05 -7.61406e-06
NA12873 1459 ceu -1.09119e-05 -6.54954e-05 2.53409e-06 4.69758e-05 6.34009e-05 -2.33549e-05
NA12874 1459 ceu -3.73984e-06 -9.08244e-05 1.41941e-05 1.94799e-05 6.57718e-05 1.59401e-05
NA12875 1459 ceu -7.05722e-06 -0.000102003 1.19813e-05 4.53502e-05 1.97853e-05 -1.12133e-05
NA12891 1463 ceu -7.10105e-06 -9.93232e-05 -1.3249e-06 3.99938e-05 6.44744e-05 -1.3603e-06
NA12892 1463 ceu -1.65121e-05 -7.94905e-05 1.44644e-05 3.19788e-05 8.00823e-05 -1.10611e-05
NA18501 Yoruba_004 yri 3.54137e-05 -7.9359e-05 8.95704e-07 -9.87203e-05 0.000110638 -3.42596e-05
NA18502 Yoruba_004 yri 1.87128e-05 -0.000105269 4.68713e-06 -8.88664e-05 0.000102404 -3.12125e-05
NA18504 Yoruba_005 yri 3.03828e-05 -4.02999e-05 -8.02356e-06 -8.96183e-05 0.00013161 -4.1985e-05
NA18505 Yoruba_005 yri 2.46506e-05 -6.39934e-05 7.40329e-07 -9.51349e-05 0.000126761 -3.83092e-05
NA18507 Yoruba_009 yri 1.89297e-05 -6.84457e-05 2.01248e-06 -9.07552e-05 7.92418e-05 -3.59305e-05
NA18508 Yoruba_009 yri 2.53731e-05 -0.000111356 3.86333e-06 -9.55753e-05 8.22732e-05 -3.6382e-05
NA18516 Yoruba_013 yri 2.50548e-05 -7.80744e-05 -5.4858e-06 -8.66289e-05 8.23881e-05 -4.9235e-05
NA18517 Yoruba_013 yri 2.16555e-05 -2.77394e-05 -9.53491e-07 -8.84843e-05 8.72692e-05 -3.42957e-05
NA18522 Yoruba_016 yri 2.12207e-05 -2.72008e-05 5.3732e-06 -8.39129e-05 0.000104628 -3.62957e-05
NA18523 Yoruba_016 yri 2.31527e-05 -8.12866e-05 1.91236e-06 -8.7831e-05 0.00010014 -3.18455e-05
NA18852 Yoruba_018 yri 2.10377e-05 -6.61053e-05 -2.60771e-06 -9.74915e-05 8.84517e-05 -3.56781e-05
NA18853 Yoruba_018 yri 2.65461e-05 -7.35944e-05 -5.95706e-06 -8.80922e-05 0.000135731 -3.06042e-05
NA18855 Yoruba_023 yri 2.00168e-05 -5.6424e-05 -1.49718e-05 -0.0001037 0.00010967 -3.23667e-05
NA18856 Yoruba_023 yri 3.08706e-05 -1.62318e-05 -7.51607e-06 -8.69193e-05 0.000135856 -3.44066e-05
NA18858 Yoruba_012 yri 1.5182e-05 -3.64554e-05 -2.23301e-06 -8.27358e-05 0.000131025 -2.97641e-05
NA18859 Yoruba_012 yri 2.2999e-05 -4.29497e-05 1.44434e-06 -9.5575e-05 0.000107077 -3.64298e-05
NA18861 Yoruba_024 yri 2.83238e-05 -5.05685e-05 2.57853e-06 -9.64484e-05 9.96143e-05 -4.27124e-05
NA18862 Yoruba_024 yri 2.01193e-05 -7.21812e-05 -2.70763e-06 -9.42828e-05 0.000120294 -4.32856e-05
NA18870 Yoruba_017 yri 2.14695e-05 -8.91309e-05 -6.81406e-06 -9.2224e-05 0.000106842 -3.38618e-05
NA18871 Yoruba_017 yri 2.72284e-05 -6.52156e-05 1.93819e-06 -9.12321e-05 0.00011035 -2.96223e-05
NA18912 Yoruba_028 yri 2.14471e-05 -7.05383e-05 -3.7426e-06 -8.99902e-05 6.61367e-05 -4.42802e-05
NA18913 Yoruba_028 yri 1.47218e-05 7.47841e-06 -5.63082e-06 -8.37903e-05 8.80328e-05 -3.67752e-05
NA19092 Yoruba_040 yri 2.08894e-05 -6.46902e-05 -1.01098e-06 -8.9157e-05 7.95367e-05 -4.40443e-05
NA19093 Yoruba_040 yri 3.24803e-05 -0.000128218 -2.1467e-06 -8.85988e-05 9.19724e-05 -4.61105e-05
NA19098 Yoruba_105 yri 2.66859e-05 -4.84074e-05 2.26065e-06 -8.49545e-05 8.55624e-05 -4.33172e-05
NA19099 Yoruba_105 yri 1.98794e-05 -4.66581e-05 -4.88249e-06 -9.20569e-05 9.7588e-05 -2.28173e-05
NA19101 Yoruba_042 yri 2.46627e-05 -5.4407e-05 -4.66996e-06 -9.98418e-05 8.10115e-05 -3.7961e-05
NA19102 Yoruba_042 yri 2.27514e-05 -5.50989e-05 4.73757e-06 -7.79603e-05 4.97319e-05 -1.46388e-05
NA19116 Yoruba_060 yri 2.56882e-05 -9.13092e-06 -4.18373e-06 -9.42745e-05 0.000119079 -4.02309e-05
NA19119 Yoruba_060 yri 1.39849e-05 -0.000120886 6.58519e-06 -9.01583e-05 0.000132037 -3.78712e-05
NA19127 Yoruba_077 yri 2.05743e-05 -8.50176e-05 -4.70227e-06 -8.76811e-05 5.02784e-05 -3.45989e-05
NA19128 Yoruba_077 yri 2.80481e-05 -6.26544e-05 -8.86126e-06 -7.96685e-05 9.89661e-05 -3.44502e-05
NA19130 Yoruba_101 yri 2.62758e-05 -6.72779e-05 -8.81959e-07 -9.25718e-05 0.000130182 -4.57483e-05
NA19131 Yoruba_101 yri 2.8186e-05 -3.10241e-05 1.35961e-06 -9.33266e-05 0.000106893 -3.42433e-05
NA19137 Yoruba_043 yri 3.92126e-05 -6.40467e-05 -5.54307e-07 -8.66445e-05 0.000127055 -4.31034e-05
NA19138 Yoruba_043 yri 2.79758e-05 -3.49953e-05 1.19306e-06 -8.3913e-05 9.50562e-05 -2.0854e-05
NA19140 Yoruba_071 yri 1.83872e-05 -0.000110589 -3.09163e-06 -8.35011e-05 9.26722e-05 -3.1092e-05
NA19141 Yoruba_071 yri 2.01819e-05 -7.36449e-05 -3.92655e-06 -8.88644e-05 9.83657e-05 -4.67246e-05
NA19143 Yoruba_074 yri 1.77352e-05 -7.11446e-05 9.95532e-06 -8.66112e-05 0.000105843 -5.12367e-05
NA19144 Yoruba_074 yri 2.60582e-05 -3.79542e-05 -8.97275e-07 -9.57208e-05 8.54e-05 -4.3062e-05
NA19152 Yoruba_072 yri 2.5374e-05 -8.76009e-06 -8.10051e-06 -9.4425e-05 8.2245e-05 -3.57085e-05
NA19153 Yoruba_072 yri 2.34644e-05 -8.81058e-05 2.26949e-06 -8.77855e-05 0.000114821 -3.08636e-05
NA19159 Yoruba_056 yri 3.05061e-05 -8.9217e-05 -2.60284e-06 -9.88999e-05 7.48223e-05 -5.15814e-05
NA19160 Yoruba_056 yri 2.47958e-05 -7.96975e-05 4.97801e-06 -9.59022e-05 7.71561e-05 -4.95886e-05
NA19171 Yoruba_047 yri 2.13256e-05 -6.4863e-05 9.61751e-07 -9.27441e-05 0.000124266 -3.5508e-05
NA19172 Yoruba_047 yri 1.70744e-05 -5.61985e-05 -7.85878e-07 -8.97375e-05 0.000143287 -4.07561e-05
NA19192 Yoruba_112 yri 3.22214e-05 -6.0592e-05 -1.49595e-06 -7.98388e-05 0.000113262 -3.55961e-05
NA19193 Yoruba_112 yri 3.22145e-05 -8.24763e-05 -3.42079e-06 -9.2474e-05 8.2848e-05 -3.76207e-05
NA19200 Yoruba_045 yri 2.46692e-05 -7.23202e-05 6.5553e-06 -8.67457e-05 0.000120855 -2.66691e-05
NA19201 Yoruba_045 yri 2.96519e-05 -6.99609e-05 -1.30122e-06 -8.98054e-05 7.63204e-05 -2.32759e-05
NA19203 Yoruba_048 yri 2.94127e-05 -5.25507e-05 -1.01874e-05 -9.41617e-05 9.97249e-05 -4.66638e-05
NA19204 Yoruba_048 yri 2.63365e-05 -7.54112e-05 -1.00695e-05 -9.38164e-05 9.06231e-05 -3.54505e-05
NA19206 Yoruba_051 yri 2.81711e-05 -9.33901e-05 -8.55549e-06 -8.84907e-05 0.000110513 -3.68353e-05
NA19207 Yoruba_051 yri 3.18953e-05 -3.25952e-05 -7.73087e-06 -9.51767e-05 9.7572e-05 -1.86464e-05
NA19209 Yoruba_050 yri 2.84633e-05 -9.93723e-05 -3.14243e-06 -0.000107725 0.000108419 -4.20688e-05
NA19210 Yoruba_050 yri 2.45052e-05 -4.27447e-05 1.73201e-06 -9.55715e-05 0.000113778 -3.46117e-05
NA19222 Yoruba_058 yri 1.35152e-05 -5.01762e-05 2.51115e-06 -8.76103e-05 9.14398e-05 -2.49049e-05
NA19223 Yoruba_058 yri 3.13201e-05 -8.78854e-05 -7.48248e-06 -9.50025e-05 9.93734e-05 -3.74271e-05
NA19238 Yoruba_117 yri 2.33912e-05 -2.75776e-05 -4.68256e-06 -8.99157e-05 0.000100156 -3.76845e-05
NA19239 Yoruba_117 yri 2.92179e-05 -4.65706e-05 -1.00348e-05 -9.07561e-05 0.000126127 -4.95263e-05
